     30      -74       77       92 
    -24       86       36       72 
    -59      -99      -56      -71 
    -87      -75      -98      -93 
    -27      -45      -46       76 
    -88       38       21       21 
    -88      -67      100       35 
    -59      -81       85      -70 
     28       24      -73        4 
    -17      -58       -8       70 
    -12       89       -1      -43 
    -69       82        7      -71 
     15       96      -19      -32 
     93       19      -55       45 
     20       78      -94       16 
      0       25       90      -61 
    -43      -14      -89      -31 
     -2       57       52       -1 
      9      -57       83       33 
     86      -95      -39      -66 
     84       -7       -9      -53 
     49      -92       76      -26 
    -68      -56      -17      -64 
    -28      -24      -97      -31 
     28       25      -48       44 
    -17       57       88       68 
     -3       33       87       95 
     31       27      -88      -62 
    -26       16      -30      -56 
    -54       92       91       90 
     69       81       13       67 
    -80       25      -60      -37 
     63      -49       60       82 
     68       17      -14       73 
    -56      -71      -20       47 
    -94       67      -23      -92 
     41      -50       31       27 
     11      -32      -86       23 
    -98      -65      -46       89 
    -68       32       68      -22 
    -99       51       72        2 
     98      -24       54      -88 
     -5       82      -77       83 
    -14       64      -54      -43 
    -50      -25       49       61 
     88      -68       56       54 
     32      -21      -16       27 
    -49       21        6       24 
     87       76       61       88 
    -53       76      -42       44 
     96      -54      -73       15 
     83      -56       79      -19 
     37       55       43      -71 
    -82      -40       72      -87 
     49       67       38       57 
     90       30       54      -60 
     91      -20      -45       26 
    -71       26      -86      100 
     64       38       37       47 
    -73      -47      -69      -67 
     29      -42       79      -79 
    100       -4      -10       76 
    -51        7        2      -64 
     45      -82       72       73 
    -95      -81       10       62 
     65       61       77       -3 
    -46      -70        2      -74 
     15       29        8       30 
     28      -90      -74       13 
    -54        1      -12       31 
     14       50       84       46 
     10       26      -22      -29 
    -50       24      -49      -88 
    -99       86       59      -56 
     48      -42        7      -68 
     50       67       51       22 
    -59      -52      -84       66 
   -100       71       41       40 
     71       12      -86       22 
    -20       58      -58      -62 
    -68       87      -21       71 
    -51       34      -67       35 
    -41      -37       61       43 
     53       38        8       35 
    -56      -25       40       84 
      0      -43      -98      -60 
     83      -51      -48      -25 
    -91      -46      -79       91 
    -71       46       48      -98 
     43      -67       -7       -7 
    -58       97       -2       -7 
    -84      -28      -68       12 
    -59       77       41      -29 
     74       18      -29      -19 
    -70       70       88      -55 
     88      -15       -2       -8 
    -14       85       16       96 
    -98       65      -29      -34 
    -62      -72      -32      -76 
    -72       90       -7      -99 
      8      -11       31      -97 
    100        9      -65      -39 
    -78      -71       92       -6 
    -81       27       82      -85 
    -25      -12      -61       97 
    -14      -30       75       62 
    -21      -72       93       -8 
     77       82      -88      -19 
     72       86       58       41 
    -81      -14      -44      -63 
    -46      -81       25       23 
    -35       69       91      -98 
     75      -50       75        4 
    -23      -74      -19      100 
    -53      -66       27      -34 
    -33      -59       94       81 
    -74      -12       17       61 
     34      -62       34       38 
     57      -70       -9      -13 
    -16        8        4      -63 
     52      -22      -93      -42 
    -12      -19       70       24 
    -80      -88      -30      -57 
     -6      -72       93      -72 
    -28       65      -22       71 
