-100 1
-99 4
-98 6
-97 2
-95 2
-94 2
-93 2
-92 2
-91 1
-90 1
-89 1
-88 7
-87 2
-86 3
-85 1
-84 2
-82 2
-81 5
-80 2
-79 2
-78 1
-77 1
-76 1
-75 1
-74 5
-73 3
-72 5
-71 7
-70 4
-69 2
-68 6
-67 4
-66 2
-65 2
-64 2
-63 2
-62 4
-61 2
-60 3
-59 5
-58 3
-57 2
-56 7
-55 2
-54 4
-53 3
-52 1
-51 3
-50 4
-49 3
-48 2
-47 1
-46 5
-45 2
-44 1
-43 4
-42 4
-41 1
-40 1
-39 2
-37 2
-35 1
-34 2
-33 1
-32 3
-31 2
-30 3
-29 4
-28 3
-27 1
-26 2
-25 4
-24 3
-23 2
-22 4
-21 3
-20 3
-19 6
-17 3
-16 2
-15 1
-14 6
-13 1
-12 5
-11 1
-10 1
-9 2
-8 3
-7 5
-6 2
-5 1
-4 1
-3 2
-2 3
-1 2
0 2
1 1
2 3
4 3
6 1
7 3
8 4
9 2
10 2
11 1
12 2
13 2
14 1
15 3
16 3
17 2
18 1
19 1
20 1
21 3
22 2
23 2
24 4
25 4
26 3
27 5
28 3
29 2
30 3
31 4
32 2
33 2
34 3
35 3
36 1
37 2
38 5
40 2
41 4
43 3
44 2
45 2
46 2
47 2
48 2
49 3
50 2
51 2
52 2
53 1
54 3
55 1
56 1
57 4
58 2
59 1
60 1
61 5
62 2
63 1
64 2
65 3
66 1
67 4
68 3
69 2
70 3
71 4
72 5
73 2
74 1
75 3
76 5
77 4
78 1
79 2
81 2
82 5
83 4
84 3
85 2
86 4
87 3
88 5
89 2
90 4
91 4
92 3
93 3
94 1
95 1
96 3
97 2
98 1
